specular[]={0.215686,0.862745,0.9978431377,0.63999999};
specularPower=60.6;