specular[]={0.99215686,0.96862745,0.0078431377,0.63999999};
specularPower=60.6;